%% Load the tyre data fitted for the Hoosier B1464 tyre

tyre_data_f.Fz0 = 220;
tyre_data_f.FZ0 = 220;
tyre_data_f.R0 = 0.230400000000000;
tyre_data_f.pCx1 = 1.544778685873983;
tyre_data_f.pDx1 = 3.147804141096527;
tyre_data_f.pDx2 = -0.257517856962131;
tyre_data_f.pDx3 = 21.472252349541300;
tyre_data_f.pEx1 = 0.033774319952795;
tyre_data_f.pEx2 = -0.344366030357143;
tyre_data_f.pEx3 = 0.100615716361172;
tyre_data_f.pEx4 = 0.085634078277570;
tyre_data_f.pHx1 = 3.620491813831049e-04;
tyre_data_f.pHx2 = 0.001099633355779;
tyre_data_f.pKx1 = 82.246585300455010;
tyre_data_f.pKx2 = -0.001857057160353;
tyre_data_f.pKx3 = 0.153075686094074;
tyre_data_f.pVx1 = -0.110298909114428;
tyre_data_f.pVx2 = -0.024052840045821;
tyre_data_f.Fz01 = 0;
tyre_data_f.pCy1 = 1.122909790487668;
tyre_data_f.pDy1 = 2.721778435068731;
tyre_data_f.pDy2 = -0.099432851351796;
tyre_data_f.pDy3 = -9.730398952369230;
tyre_data_f.pEy1 = 0.443875422949803;
tyre_data_f.pEy2 = -0.465453779769133;
tyre_data_f.pEy3 = -0.039030848367272;
tyre_data_f.pEy4 = 15.871136560305386;
tyre_data_f.pHy1 = -0.003822527229990;
tyre_data_f.pHy2 = -2.489284583608494e-04;
tyre_data_f.pHy3 = 0.034258035831290;
tyre_data_f.pKy1 = -1.148370664358634e+02;
tyre_data_f.pKy2 = -3.246254341403660;
tyre_data_f.pKy3 = 2.225498941510909;
tyre_data_f.pVy1 = 0.080211536715124;
tyre_data_f.pVy2 = -0.011817681235540;
tyre_data_f.pVy3 = -2.904899088985826;
tyre_data_f.pVy4 = -4;
tyre_data_f.qBz1 = -13.167322602405797;
tyre_data_f.qBz10 = -0.634998227948338;
tyre_data_f.qBz2 = 0.862208887331143;
tyre_data_f.qBz3 = 0.008521879709366;
tyre_data_f.qBz4 = -37.949874246520345;
tyre_data_f.qBz5 = 37.349369328417360;
tyre_data_f.qBz9 = -0.742345170455037;
tyre_data_f.qCz1 = -1.254225938424904;
tyre_data_f.qDz1 = 0.072054510099929;
tyre_data_f.qDz2 = -0.013562618483020;
tyre_data_f.qDz3 = 1.442201490478872;
tyre_data_f.qDz4 = -29.112105178855707;
tyre_data_f.qDz6 = -0.008571835108776;
tyre_data_f.qDz7 = 0.004272927942045;
tyre_data_f.qDz8 = -1.487553745691266;
tyre_data_f.qDz9 = 1;
tyre_data_f.qEz1 = 0.003040404122478;
tyre_data_f.qEz2 = -0.001228164901174;
tyre_data_f.qEz3 = 6.350309562401954e-05;
tyre_data_f.qEz4 = 49.245000067234720;
tyre_data_f.qEz5 = 16.383849982721401;
tyre_data_f.qHz1 = -0.011041229515991;
tyre_data_f.qHz2 = -5.473194115899007e-04;
tyre_data_f.qHz3 = 0.384112397004748;
tyre_data_f.qHz4 = 1;
tyre_data_f.rBx2 = -1.729859537878417;
tyre_data_f.rBy1 = 8.855249338270996;
tyre_data_f.rBy2 = 12.602937011989104;
tyre_data_f.rBy3 = -0.009429162740954;
tyre_data_f.rCx1 = 11.046859432353958;
tyre_data_f.rCy1 = 1.226135449952541;
tyre_data_f.rHx1 = -26.999077653780770;
tyre_data_f.rHy1 = 0.002933191227057;
tyre_data_f.rVy1 = -0.039334385182748;
tyre_data_f.rVy2 = -0.034157588283958;
tyre_data_f.rVy3 = 0.141550739371122;
tyre_data_f.rVy4 = -8.058358776919107;
tyre_data_f.rVy5 = -0.394375589692425;
tyre_data_f.rVy6 = 1.072685089208439e+02;
tyre_data_f.lambda__Cx = 1;
tyre_data_f.lambda__Cy = 1;
tyre_data_f.lambda__Ex = 1;
tyre_data_f.lambda__Ey = 1;
tyre_data_f.lambda__Fz0 = 1;
tyre_data_f.lambda__FZ0 = 1;
tyre_data_f.lambda__gamma__y = 1;
tyre_data_f.lambda__Hx = 1;
tyre_data_f.lambda__Hy = 1;
tyre_data_f.lambda__KA = 1;
tyre_data_f.lambda__Kya = 1;
tyre_data_f.lambda__Kxk = 1;
tyre_data_f.lambda__mu__x = 1;
tyre_data_f.lambda__mu__y = 1;
tyre_data_f.lambda__Vx = 1;
tyre_data_f.lambda__Vy = 1;
tyre_data_f.lambda__Vyk = 1;
tyre_data_f.lambda__xa = 1;
tyre_data_f.lambda__yk = 1;
tyre_data_f.lambda__Ky = 1;
tyre_data_f.lambda__Mr = 1;
tyre_data_f.lambda__t = 1;
tyre_data_f.lambda__s = 1;
tyre_data_f.Bz10 = 0;
tyre_data_f.rBx1 = 5.527653094435998;
tyre_data_f.sSz1            = 0;            
tyre_data_f.sSz2            = 0;            
tyre_data_f.sSz3            = 0;           
tyre_data_f.sSz4            = 0;       


tyre_data_r = tyre_data_f;